batch_size:128,epoch:100,openness:0.1, unseen_num:2,lambda1:1,lambda2:0.001
 dataset:esp_game,softmax_acc:50.26,softmax_ccrs:[1.43, 14.03, 18.96, 32.93, 42.26, 70.61]
loss:[9.629536628723145, 9.487946152687073, 9.141689658164978, 8.180605411529541, 6.609912991523743, 4.810762465000153, 2.8980102837085724, 2.0726137459278107, 1.7298284471035004, 1.733573004603386, 1.6546251028776169, 1.6082413047552109, 1.586938738822937, 1.6009243577718735, 1.4912384897470474, 1.5258750021457672, 1.4629668891429901, 1.3999640494585037, 1.4582808911800385, 1.4672504216432571, 1.393669232726097, 1.3957598507404327, 1.396129384636879, 1.3190971612930298, 1.2566946297883987, 1.257128193974495, 1.246698647737503, 1.2342768907546997, 1.2336410284042358, 1.2340450435876846, 1.2268763184547424, 1.224614679813385, 1.220751017332077, 1.216242030262947, 1.219194933772087, 1.2123592048883438, 1.2127404510974884, 1.214688003063202, 1.2173566669225693, 1.2073076516389847, 1.2082490175962448, 1.2120579183101654, 1.2045122683048248, 1.2018728703260422, 1.1961262822151184, 1.2033400237560272, 1.1908280104398727, 1.1966914534568787, 1.195088118314743, 1.1927004158496857, 1.1922549158334732, 1.1922610253095627, 1.1941766142845154, 1.1917123347520828, 1.1945411413908005, 1.1945549547672272, 1.1973200887441635, 1.1918937116861343, 1.1911334544420242, 1.1939295828342438, 1.1929900497198105, 1.1928998827934265, 1.1873909533023834, 1.192859411239624, 1.1903395652770996, 1.1901772916316986, 1.1901792287826538, 1.1879096031188965, 1.1920053660869598, 1.1907809674739838, 1.1929172575473785, 1.1873508095741272, 1.1934926509857178, 1.1914741545915604, 1.1943703144788742, 1.1888792961835861, 1.1868865936994553, 1.191838651895523, 1.1916512250900269, 1.1886712163686752, 1.1879142075777054, 1.1904606223106384, 1.1920973509550095, 1.1905062794685364, 1.1902256160974503, 1.1876257956027985, 1.191089689731598, 1.1881447732448578, 1.192758396267891, 1.187159225344658, 1.1898064315319061, 1.185534507036209, 1.1879807114601135, 1.1891030073165894, 1.1870457828044891, 1.185974195599556, 1.1893833875656128, 1.1935963928699493, 1.193168506026268, 1.1895225197076797]

batch_size:128,epoch:100,openness:0.1, unseen_num:21,lambda1:0.1,lambda2:0.1
 dataset:MITIndoor,softmax_acc:1.51,softmax_ccrs:[0.0, 0.0, 0.0, 0.03, 0.2, 1.42]
loss:[2.2988869547843933, 2.298149526119232, 2.297780215740204, 2.2976877689361572, 2.2976131439208984, 2.2975874543190002, 2.2974570393562317, 2.297413945198059, 2.297432541847229, 2.2973780632019043, 2.2973731756210327, 2.2973467111587524, 2.29734468460083, 2.2973092794418335, 2.297329068183899, 2.2973111271858215, 2.297335386276245, 2.2972875237464905, 2.297303318977356, 2.2973182797431946, 2.2972967624664307, 2.297287166118622, 2.2973443269729614, 2.2972038984298706, 2.2971988916397095, 2.297202467918396, 2.297204613685608, 2.2971975207328796, 2.2972063422203064, 2.297210931777954, 2.297203302383423, 2.2972062826156616, 2.297200918197632, 2.297199308872223, 2.2971936464309692, 2.297197937965393, 2.2971977591514587, 2.297204077243805, 2.2971969842910767, 2.2971949577331543, 2.2972071170806885, 2.2971964478492737, 2.297198534011841, 2.2971993684768677, 2.2971993684768677, 2.297198176383972, 2.2971836924552917, 2.2971863746643066, 2.2971887588500977, 2.297187924385071, 2.2971871495246887, 2.297190546989441, 2.2971871495246887, 2.297183573246002, 2.297186255455017, 2.2971863746643066, 2.297190248966217, 2.2971813082695007, 2.297190845012665, 2.29718679189682, 2.29718554019928, 2.297192394733429, 2.2971885800361633, 2.297187566757202, 2.2971879839897156, 2.297189950942993, 2.2971860766410828, 2.2971866726875305, 2.2971891164779663, 2.2971861958503723, 2.297188103199005, 2.2971863746643066, 2.2971858382225037, 2.2971874475479126, 2.2971895337104797, 2.297187566757202, 2.2971845865249634, 2.297186017036438, 2.297185719013214, 2.29718416929245, 2.297189772129059, 2.2971890568733215, 2.2971856594085693, 2.297183394432068, 2.297186553478241, 2.2971819043159485, 2.297186255455017, 2.297187328338623, 2.2971890568733215, 2.2971878051757812, 2.2971858382225037, 2.2971823811531067, 2.2971906065940857, 2.2971866130828857, 2.297183096408844, 2.2971851229667664, 2.297185778617859, 2.2971930503845215, 2.29718816280365, 2.2971885204315186]

batch_size:128,epoch:100,openness:0.1, unseen_num:10,lambda1:1,lambda2:0.1
 dataset:NUSWIDEOBJ,softmax_acc:14.54,softmax_ccrs:[0.07, 0.46, 0.84, 3.81, 6.64, 18.5]
loss:[48.81351709365845, 45.92764854431152, 45.81015610694885, 45.62068009376526, 45.23588800430298, 44.610005617141724, 44.03361773490906, 43.59874725341797, 43.06628203392029, 42.83527231216431, 42.849480390548706, 42.89915060997009, 42.60644602775574, 42.75010395050049, 42.63343167304993, 42.59150838851929, 42.370285749435425, 42.690770626068115, 42.695281982421875, 42.472063064575195, 42.4749276638031, 42.48311710357666, 42.46214008331299, 42.301825523376465, 42.183836460113525, 42.11818814277649, 42.230626583099365, 42.06106662750244, 42.150230884552, 41.98363494873047, 42.19021940231323, 42.18276596069336, 42.16904139518738, 42.28506636619568, 42.212857246398926, 42.23413276672363, 42.09711146354675, 42.15056586265564, 42.10337948799133, 42.033297300338745, 42.15492010116577, 42.15779161453247, 42.04831552505493, 42.183823585510254, 42.14470601081848, 42.20435953140259, 42.007426023483276, 42.07440757751465, 41.98767924308777, 42.05043888092041, 42.16277813911438, 41.96147298812866, 42.0998797416687, 42.105427503585815, 42.11801815032959, 42.14688014984131, 42.09312415122986, 42.1110200881958, 42.13676691055298, 42.14250993728638, 42.051915407180786, 42.12604260444641, 42.093358516693115, 41.97631478309631, 42.1794068813324, 42.1298189163208, 42.06704616546631, 42.05789375305176, 42.108367681503296, 42.075106382369995, 42.03315854072571, 42.09535479545593, 42.05050730705261, 41.997600078582764, 42.19155216217041, 42.19402551651001, 42.10838985443115, 42.178677797317505, 42.27052974700928, 42.03944778442383, 42.071492195129395, 42.11962890625, 42.14551091194153, 42.186038970947266, 42.192928314208984, 42.008641481399536, 42.11442184448242, 42.00988554954529, 41.97217631340027, 42.04868412017822, 41.978339433670044, 42.17320799827576, 42.10774350166321, 42.13074827194214, 42.1205050945282, 42.20748543739319, 41.98641085624695, 42.30832839012146, 42.05213928222656, 42.1130576133728]

batch_size:128,epoch:100,openness:0.1, unseen_num:3,lambda1:0.1,lambda2:0.01
 dataset:UCI,softmax_acc:9.68,softmax_ccrs:[None, None, None, None, 0.0, 2.86]
loss:[0.42916305363178253, 0.4285147041082382, 0.4282349497079849, 0.4283924400806427, 0.4286101460456848, 0.42920809984207153, 0.42774099111557007, 0.4272440969944, 0.4283686876296997, 0.42859308421611786, 0.4293909966945648, 0.42885681986808777, 0.4276628792285919, 0.42876940965652466, 0.42727483808994293, 0.4293755888938904, 0.4305502474308014, 0.4272840619087219, 0.42714276909828186, 0.4289046972990036, 0.42798174917697906, 0.4274352341890335, 0.4293796569108963, 0.4277684688568115, 0.4280615448951721, 0.4298233091831207, 0.42817822098731995, 0.42829807102680206, 0.42891399562358856, 0.4284605234861374, 0.4279194623231888, 0.4310867190361023, 0.42889879643917084, 0.42771050333976746, 0.42800532281398773, 0.4284588694572449, 0.4283456802368164, 0.42807890474796295, 0.4283541589975357, 0.42817872762680054, 0.428221732378006, 0.42660269141197205, 0.42750902473926544, 0.4281317740678787, 0.42884019017219543, 0.42891091108322144, 0.4291660934686661, 0.4272170662879944, 0.4289487898349762, 0.4289054572582245, 0.42748306691646576, 0.42756082117557526, 0.42709164321422577, 0.4271810054779053, 0.4289720356464386, 0.4276798963546753, 0.4275316745042801, 0.4282699376344681, 0.42763353884220123, 0.42735376954078674, 0.42966894805431366, 0.42906084656715393, 0.4271099716424942, 0.42775143682956696, 0.428850919008255, 0.42827360332012177, 0.4287708252668381, 0.42824241518974304, 0.4284054785966873, 0.42727982997894287, 0.42801544070243835, 0.42830169200897217, 0.4281581938266754, 0.4293673485517502, 0.4273742139339447, 0.42867469787597656, 0.4298708736896515, 0.4289707988500595, 0.42909567058086395, 0.4285227507352829, 0.42758600413799286, 0.42836080491542816, 0.4298039525747299, 0.42715923488140106, 0.42801904678344727, 0.4297580271959305, 0.4289804995059967, 0.428620308637619, 0.4285420775413513, 0.4281027168035507, 0.42816096544265747, 0.4296950399875641, 0.42825524508953094, 0.4274388551712036, 0.4281562864780426, 0.42752209305763245, 0.4278520494699478, 0.42889419198036194, 0.4272139072418213, 0.42723430693149567]

batch_size:128,epoch:100,openness:0.1, unseen_num:3,lambda1:0.1,lambda2:0.1
 dataset:Youtube,softmax_acc:9.68,softmax_ccrs:[None, 0.18, 0.36, 3.39, 5.71, 12.05]
loss:[0.7797669172286987, 0.7778643071651459, 0.779150515794754, 0.77790766954422, 0.7779785394668579, 0.7793634533882141, 0.7775200009346008, 0.7791487574577332, 0.7792120575904846, 0.7799264788627625, 0.7776544392108917, 0.7795474529266357, 0.7779178619384766, 0.7787293493747711, 0.778286337852478, 0.7797664105892181, 0.7775294780731201, 0.7786578834056854, 0.7791353464126587, 0.7786377668380737, 0.7790934145450592, 0.7785014510154724, 0.7783794105052948, 0.7783912420272827, 0.7788330912590027, 0.7787764966487885, 0.7785330414772034, 0.7790648341178894, 0.7790041267871857, 0.7793172299861908, 0.7784520983695984, 0.7782728374004364, 0.7783060371875763, 0.7788238525390625, 0.778423011302948, 0.7777934372425079, 0.7782979011535645, 0.7786374986171722, 0.7785202860832214, 0.7787222862243652, 0.7780753374099731, 0.7780719101428986, 0.778477281332016, 0.778633326292038, 0.7785463631153107, 0.778394877910614, 0.7784959673881531, 0.7785950899124146, 0.7782166600227356, 0.7782464325428009, 0.7777357399463654, 0.7781602740287781, 0.7783447206020355, 0.7785977125167847, 0.7782524228096008, 0.7784417867660522, 0.7788054645061493, 0.7786945104598999, 0.7787618041038513, 0.7787223160266876, 0.7785782814025879, 0.7784635424613953, 0.7782230079174042, 0.7787830233573914, 0.7784374058246613, 0.7787072658538818, 0.7781980335712433, 0.7785912156105042, 0.7782884240150452, 0.7783735692501068, 0.7784618139266968, 0.7784050107002258, 0.7782861590385437, 0.7784707248210907, 0.7780794203281403, 0.7792965471744537, 0.7780163884162903, 0.7786418199539185, 0.7782177925109863, 0.7783696055412292, 0.7784847617149353, 0.7788686454296112, 0.7783552408218384, 0.7784251570701599, 0.7781801521778107, 0.7782810926437378, 0.7783262431621552, 0.7783084511756897, 0.7782655656337738, 0.7783013582229614, 0.7784692347049713, 0.7783469557762146, 0.7781448662281036, 0.7779538035392761, 0.7786687016487122, 0.7784480452537537, 0.7786361575126648, 0.7781646549701691, 0.77816241979599, 0.7784996926784515]

batch_size:128,epoch:100,openness:0.1, unseen_num:3,lambda1:1,lambda2:0.1
 dataset:YTF10,softmax_acc:60.75,softmax_ccrs:[43.19, 49.01, 54.42, 61.57, 63.61, 75.63]
loss:[49.4497184753418, 36.02765119075775, 28.560320913791656, 21.040386021137238, 17.88041865825653, 15.767451882362366, 14.664422869682312, 13.558826267719269, 13.555583655834198, 13.286417454481125, 13.635466128587723, 13.539123445749283, 14.093787670135498, 13.065947473049164, 13.137254804372787, 12.784162163734436, 13.001599252223969, 13.024447709321976, 12.937433809041977, 13.240479588508606, 13.317243248224258, 12.841822534799576, 13.025150418281555, 12.494636744260788, 13.032715499401093, 12.314402759075165, 12.808490753173828, 12.68218606710434, 12.625630915164948, 12.825217515230179, 12.803967922925949, 12.722311854362488, 12.365576028823853, 12.996125012636185, 12.719114780426025, 12.725820809602737, 12.824147194623947, 12.153047949075699, 12.456584960222244, 11.94778373837471, 12.266418904066086, 12.610932618379593, 12.6335409283638, 12.316607475280762, 12.522436797618866, 12.701349675655365, 12.581369131803513, 12.861571937799454, 12.50792372226715, 12.12888815999031, 12.70045730471611, 12.64291524887085, 12.64917466044426, 12.492272913455963, 12.644043773412704, 12.246610403060913, 12.339938163757324, 12.655040383338928, 12.636949270963669, 12.96577912569046, 12.482146501541138, 12.522495418787003, 12.73229369521141, 12.529400378465652, 12.650910407304764, 12.352582782506943, 12.501835376024246, 12.542906552553177, 12.437377214431763, 12.514957666397095, 12.706125378608704, 12.491385102272034, 12.565945386886597, 12.576558411121368, 12.59331101179123, 12.312903434038162, 12.406486928462982, 12.571333259344101, 12.39133808016777, 12.637615144252777, 12.640556514263153, 12.441825181245804, 12.399619579315186, 12.477802395820618, 12.648683965206146, 12.78775554895401, 12.514045476913452, 12.487885177135468, 12.536519855260849, 12.408150225877762, 12.194387555122375, 12.46928295493126, 12.392471432685852, 12.353094726800919, 12.197693824768066, 12.53005513548851, 12.236755222082138, 12.789207935333252, 12.764931112527847, 12.72524094581604]

batch_size:128,epoch:100,openness:0.1, unseen_num:3,lambda1:1,lambda2:0.1
 dataset:UCI,softmax_acc:19.3,softmax_ccrs:[None, 12.32, 13.3, 13.66, 14.02, 22.23]
loss:[4.292908191680908, 4.279616832733154, 4.280404329299927, 4.279476165771484, 4.287044525146484, 4.305830001831055, 4.268593072891235, 4.2623045444488525, 4.2822887897491455, 4.282502174377441, 4.301874160766602, 4.297722101211548, 4.279113531112671, 4.293168067932129, 4.263814926147461, 4.300328016281128, 4.305889368057251, 4.26799750328064, 4.276739597320557, 4.287876844406128, 4.2813286781311035, 4.277394533157349, 4.28970742225647, 4.278456926345825, 4.2818262577056885, 4.291743040084839, 4.283219814300537, 4.285894155502319, 4.288638591766357, 4.282302618026733, 4.279651403427124, 4.305843353271484, 4.2880778312683105, 4.272805690765381, 4.284102916717529, 4.280609607696533, 4.282295227050781, 4.2864906787872314, 4.276443004608154, 4.280510902404785, 4.282235860824585, 4.2734644412994385, 4.278382301330566, 4.280637741088867, 4.291689157485962, 4.286780834197998, 4.2892866134643555, 4.2756187915802, 4.287547826766968, 4.2870402336120605, 4.278582811355591, 4.274955749511719, 4.272225856781006, 4.269401550292969, 4.285217523574829, 4.274627447128296, 4.275096654891968, 4.281245946884155, 4.279317617416382, 4.273197889328003, 4.293108940124512, 4.286966323852539, 4.275831699371338, 4.27993369102478, 4.28362250328064, 4.280054569244385, 4.286863088607788, 4.280521392822266, 4.286384582519531, 4.276142358779907, 4.277896165847778, 4.2860023975372314, 4.275816440582275, 4.288046836853027, 4.278149604797363, 4.2823145389556885, 4.2950685024261475, 4.288944482803345, 4.290415287017822, 4.285478830337524, 4.2793288230896, 4.2786993980407715, 4.289508581161499, 4.275791168212891, 4.2767839431762695, 4.294074296951294, 4.291870832443237, 4.286651849746704, 4.285242795944214, 4.28214955329895, 4.2786009311676025, 4.29299783706665, 4.286954402923584, 4.278478384017944, 4.279477834701538, 4.27755069732666, 4.282603025436401, 4.2865424156188965, 4.273071050643921, 4.276567697525024]

