batch_size:128,epoch:100,openness:0.1, unseen_num:2,block:6,lambda1:1,lambda2:0.001
 dataset:esp_game,softmax_acc:56.13,softmax_ccrs:[1.83, 5.92, 9.51, 31.05, 47.67, 80.73]
loss:[10.496896028518677, 4.643569588661194, 2.697136729955673, 1.8527478277683258, 1.3250247091054916, 1.083991140127182, 0.9195250272750854, 0.7989803180098534, 0.7781395316123962, 0.7173270955681801, 0.7066000178456306, 0.6872672438621521, 0.5822916403412819, 0.6211221814155579, 0.605994887650013, 0.6047850549221039, 0.5959007069468498, 0.6100449562072754, 0.5862525999546051, 0.574598602950573, 0.5491461530327797, 0.5890894532203674, 0.5540938004851341, 0.5014586672186852, 0.4895097687840462, 0.48898498341441154, 0.4609120711684227, 0.46311479806900024, 0.5014616027474403, 0.4234471507370472, 0.4398474469780922, 0.40972522646188736, 0.44511083513498306, 0.4120709262788296, 0.4288812391459942, 0.4640147127211094, 0.44050023704767227, 0.44210710376501083, 0.4301055818796158, 0.44313232973217964, 0.4243650883436203, 0.41675978526473045, 0.432174950838089, 0.4464348666369915, 0.409640122205019, 0.40253424644470215, 0.407217662781477, 0.3965804651379585, 0.42502158135175705, 0.36789919808506966, 0.4042169190943241, 0.41313461586833, 0.400791697204113, 0.4025188311934471, 0.41346122324466705, 0.38187047466635704, 0.4150821343064308, 0.4086960405111313, 0.4193397983908653, 0.41870755329728127, 0.37756090238690376, 0.3657244071364403, 0.39554210752248764, 0.3601594381034374, 0.4051005654036999, 0.4064779058098793, 0.3862605430185795, 0.3835896886885166, 0.4071672782301903, 0.36488496512174606, 0.3931138701736927, 0.3900275230407715, 0.41101282835006714, 0.3701997511088848, 0.39413103461265564, 0.36958954483270645, 0.387815173715353, 0.4147702381014824, 0.39514314010739326, 0.41403424367308617, 0.421279389411211, 0.419912189245224, 0.3955424427986145, 0.41462496295571327, 0.37377849593758583, 0.3956451006233692, 0.3855832703411579, 0.4113473519682884, 0.41485466063022614, 0.3770033083856106, 0.37276842072606087, 0.3865055814385414, 0.4109519496560097, 0.3774738572537899, 0.4083325080573559, 0.35920924693346024, 0.39172324165701866, 0.37951023131608963, 0.39718082919716835, 0.4118245840072632]

batch_size:128,epoch:100,openness:0.1, unseen_num:21,block:2,lambda1:0.1,lambda2:0.1
 dataset:MITIndoor,softmax_acc:40.92,softmax_ccrs:[1.15, 6.3, 10.83, 22.04, 28.27, 51.42]
loss:[2.7377150654792786, 3.3759772777557373, 2.27502304315567, 1.9509138464927673, 1.9405704736709595, 1.7108627557754517, 1.5919868350028992, 1.6923094987869263, 1.602426826953888, 1.622403621673584, 1.6039645075798035, 1.522651046514511, 1.6281856298446655, 1.5187557935714722, 1.5801758766174316, 1.5390973091125488, 1.5335180461406708, 1.6060990691184998, 1.576903522014618, 1.5221514403820038, 1.5611959099769592, 1.5232604146003723, 1.5075366795063019, 1.4738221764564514, 1.469055414199829, 1.4732674062252045, 1.4626652896404266, 1.4517837762832642, 1.44561368227005, 1.4526241421699524, 1.4574500024318695, 1.4861606359481812, 1.477759450674057, 1.4769977629184723, 1.4827770292758942, 1.473111242055893, 1.5279034972190857, 1.537468135356903, 1.5279819667339325, 1.5173077583312988, 1.536215901374817, 1.474608153104782, 1.5556510090827942, 1.5490095615386963, 1.5404828786849976, 1.5021286308765411, 1.5166085958480835, 1.4759609401226044, 1.5061076283454895, 1.5061566531658173, 1.5048890709877014, 1.5525348782539368, 1.516911804676056, 1.5177375376224518, 1.4980359971523285, 1.5809264183044434, 1.5413435101509094, 1.5234448313713074, 1.5038908421993256, 1.4629235863685608, 1.5044410526752472, 1.5357578098773956, 1.495422512292862, 1.5040567815303802, 1.4735966324806213, 1.5843652486801147, 1.4714942574501038, 1.5002326965332031, 1.5183254778385162, 1.4689452350139618, 1.5778868198394775, 1.4532988369464874, 1.4754230082035065, 1.471948266029358, 1.5027573704719543, 1.5279731750488281, 1.5589653253555298, 1.5226150155067444, 1.4659345746040344, 1.4972954094409943, 1.493530035018921, 1.5150969922542572, 1.5291884243488312, 1.5348243117332458, 1.5228348672389984, 1.5220999121665955, 1.5363656878471375, 1.5194010138511658, 1.5207010209560394, 1.5057938694953918, 1.4942526519298553, 1.519448846578598, 1.5000910460948944, 1.4675545692443848, 1.4969783425331116, 1.5493372678756714, 1.5082626044750214, 1.5026268362998962, 1.4469664692878723, 1.521916776895523]

batch_size:128,epoch:100,openness:0.1, unseen_num:10,block:4,lambda1:1,lambda2:0.1
 dataset:NUSWIDEOBJ,softmax_acc:25.65,softmax_ccrs:[1.75, 3.61, 5.01, 9.93, 14.31, 33.37]
loss:[38.71454310417175, 30.41584599018097, 28.73629081249237, 28.09929347038269, 28.125433325767517, 28.067548871040344, 28.574129939079285, 28.602362394332886, 28.801217079162598, 28.312182307243347, 27.778661131858826, 27.95206356048584, 27.62883710861206, 27.49870502948761, 27.075446128845215, 27.198552012443542, 26.55528235435486, 26.369626998901367, 26.40537714958191, 25.673464059829712, 25.668851375579834, 25.671074867248535, 25.989730715751648, 23.682349920272827, 21.902496933937073, 20.88956105709076, 20.782604813575745, 19.936798334121704, 19.711804509162903, 19.249939560890198, 18.60772043466568, 18.443192958831787, 18.148228406906128, 17.54093325138092, 16.995803713798523, 16.72361248731613, 16.13971322774887, 16.06814855337143, 15.429707705974579, 16.085707426071167, 15.138237357139587, 14.69427090883255, 15.242871046066284, 14.700861394405365, 14.270661115646362, 14.19670158624649, 13.457982242107391, 13.135045826435089, 13.093007802963257, 12.786862075328827, 12.881999611854553, 12.698248147964478, 12.328312337398529, 12.597605526447296, 12.923770785331726, 12.763616681098938, 12.455487370491028, 12.232027530670166, 12.464021265506744, 12.358420133590698, 12.201732754707336, 11.940022051334381, 12.525427758693695, 11.836683452129364, 11.841944873332977, 12.29295027256012, 12.336600184440613, 12.383700370788574, 12.122500002384186, 11.862489223480225, 12.10017067193985, 12.207964062690735, 12.232580423355103, 11.759588837623596, 12.593795955181122, 12.368643581867218, 12.124324917793274, 12.210270524024963, 11.77563363313675, 11.674452245235443, 11.90123587846756, 12.40483957529068, 11.719168901443481, 12.025288581848145, 11.997835755348206, 11.910908877849579, 11.8055180311203, 12.036387622356415, 12.066589653491974, 11.543285012245178, 11.95539379119873, 11.879003882408142, 11.920955121517181, 12.265596270561218, 12.362811863422394, 12.423052072525024, 11.612539410591125, 12.530608594417572, 11.697997748851776, 12.003483951091766]

batch_size:128,epoch:100,openness:0.1, unseen_num:3,block:1,lambda1:0.1,lambda2:0.01
 dataset:UCI,softmax_acc:65.21,softmax_ccrs:[None, 56.61, 67.86, 78.39, 83.93, 94.91]
loss:[0.40830522775650024, 0.15176083147525787, 0.12147830054163933, 0.10113219916820526, 0.11314678937196732, 0.08887268230319023, 0.10670873522758484, 0.09870734810829163, 0.08959069103002548, 0.09170422330498695, 0.11623845621943474, 0.09350781515240669, 0.0928569808602333, 0.10070828348398209, 0.10179932415485382, 0.11221964284777641, 0.09976352751255035, 0.11526667326688766, 0.11950689554214478, 0.10874871909618378, 0.10279152542352676, 0.11955567449331284, 0.11130006611347198, 0.10191500186920166, 0.09847220033407211, 0.12220244482159615, 0.1164645366370678, 0.10960089042782784, 0.10954727604985237, 0.09422003477811813, 0.10715115815401077, 0.1111183613538742, 0.10391781106591225, 0.10735497251152992, 0.09810353443026543, 0.1058037206530571, 0.09902438521385193, 0.08843880891799927, 0.10559025034308434, 0.0928192287683487, 0.11401034891605377, 0.10295891389250755, 0.11266203224658966, 0.10849104076623917, 0.0878109261393547, 0.11261051148176193, 0.10135054215788841, 0.11945001780986786, 0.10668515041470528, 0.11246516928076744, 0.10800103843212128, 0.0997488982975483, 0.10515343397855759, 0.0977676697075367, 0.1090780757367611, 0.10758223757147789, 0.1000153161585331, 0.10923831537365913, 0.09825553745031357, 0.10603166371583939, 0.1106209084391594, 0.10578988119959831, 0.1059543564915657, 0.11707885935902596, 0.11199745535850525, 0.10686538368463516, 0.1063448078930378, 0.11128001660108566, 0.09920134395360947, 0.10543594881892204, 0.10268241912126541, 0.10140955448150635, 0.10606150701642036, 0.11388463526964188, 0.11348782107234001, 0.11658982187509537, 0.11019367724657059, 0.10482024401426315, 0.11200171709060669, 0.10694978013634682, 0.1079452894628048, 0.10672315955162048, 0.1001797467470169, 0.11499209329485893, 0.10417678952217102, 0.1072920374572277, 0.11327119171619415, 0.10723723098635674, 0.09220510348677635, 0.09953586757183075, 0.09950787201523781, 0.1156897246837616, 0.10366753116250038, 0.10169432312250137, 0.0973142758011818, 0.10780038684606552, 0.10711557045578957, 0.09903962165117264, 0.11417867243289948, 0.10463261604309082]

batch_size:128,epoch:100,openness:0.1, unseen_num:3,block:2,lambda1:0.1,lambda2:0.1
 dataset:Youtube,softmax_acc:48.58,softmax_ccrs:[None, 0.27, 5.89, 29.82, 40.8, 65.71]
loss:[0.8329024910926819, 0.8281092345714569, 0.7222778797149658, 0.6216244399547577, 0.6882250607013702, 0.6286707818508148, 0.6603190302848816, 0.6357380449771881, 0.5643737614154816, 0.5884580612182617, 0.6095728874206543, 0.6177974045276642, 0.573858231306076, 0.6004796326160431, 0.583376407623291, 0.6020933091640472, 0.5789555311203003, 0.5822430551052094, 0.6249122321605682, 0.5896846950054169, 0.5690834820270538, 0.5962953865528107, 0.6212807297706604, 0.5504022538661957, 0.5709693133831024, 0.6448127627372742, 0.6273299753665924, 0.5914773046970367, 0.5771237015724182, 0.5517542958259583, 0.5972455739974976, 0.5833402872085571, 0.585862547159195, 0.5559949278831482, 0.5803329050540924, 0.5649875998497009, 0.5636271238327026, 0.5658646821975708, 0.5644039809703827, 0.5535508692264557, 0.5724468231201172, 0.5579663217067719, 0.5466964244842529, 0.5810050666332245, 0.5484625101089478, 0.5604040324687958, 0.558193027973175, 0.5878194868564606, 0.5707758963108063, 0.5488772988319397, 0.5815514326095581, 0.5662319660186768, 0.5432532131671906, 0.5592447519302368, 0.5715820789337158, 0.5902084112167358, 0.584995299577713, 0.5962556898593903, 0.5514896512031555, 0.5788274705410004, 0.5945690274238586, 0.5491608083248138, 0.5465414226055145, 0.6105058789253235, 0.5815607905387878, 0.5737297236919403, 0.5710867643356323, 0.604577511548996, 0.5583827197551727, 0.5580633878707886, 0.5811593532562256, 0.5579673945903778, 0.5809325277805328, 0.5642607808113098, 0.5832701921463013, 0.5763643682003021, 0.5776483118534088, 0.5829431414604187, 0.585897833108902, 0.5596611201763153, 0.5799846649169922, 0.5771760940551758, 0.5713793635368347, 0.6052564680576324, 0.5840221345424652, 0.5919621288776398, 0.5909698307514191, 0.5781542062759399, 0.559852659702301, 0.5542939603328705, 0.5550524890422821, 0.5958141982555389, 0.585659921169281, 0.5685545206069946, 0.5507308542728424, 0.5682936608791351, 0.5665341019630432, 0.5744022130966187, 0.5985119342803955, 0.5466830730438232]

batch_size:128,epoch:100,openness:0.1, unseen_num:3,block:1,lambda1:1,lambda2:0.1
 dataset:YTF10,softmax_acc:55.26,softmax_ccrs:[66.37, 66.44, 66.49, 66.69, 66.89, 70.74]
loss:[21.33469992876053, 12.193276762962341, 9.04945319890976, 7.911019742488861, 8.979961425065994, 9.403433382511139, 9.717994093894958, 9.420329630374908, 9.09873428940773, 8.961123615503311, 9.431473016738892, 8.775672852993011, 8.59543651342392, 8.941157639026642, 8.36683502793312, 8.223710805177689, 8.763375997543335, 8.688266158103943, 8.809209734201431, 9.176160484552383, 8.762258976697922, 8.55785247683525, 7.880752503871918, 7.84694966673851, 7.771287441253662, 7.608634024858475, 8.152266293764114, 8.302986800670624, 7.934026747941971, 8.38291448354721, 8.091924518346786, 8.31049782037735, 7.598844349384308, 8.264078110456467, 8.035585045814514, 7.883258581161499, 7.461297780275345, 8.051578432321548, 8.102133452892303, 8.030788332223892, 7.962001144886017, 8.4233977496624, 8.157285898923874, 8.43486961722374, 8.165600895881653, 8.048400282859802, 8.458883941173553, 8.76074030995369, 7.79870668053627, 8.060794204473495, 7.649542272090912, 7.8779890686273575, 7.491857141256332, 7.828581690788269, 7.689264357089996, 7.73205441236496, 8.050307720899582, 8.108775168657303, 7.95821225643158, 8.738195657730103, 7.845096439123154, 7.739736497402191, 8.271563291549683, 8.355328232049942, 8.248138010501862, 7.895051807165146, 8.536489978432655, 7.90012714266777, 7.333639532327652, 8.484041452407837, 8.256856948137283, 7.346715688705444, 8.787372291088104, 8.451528042554855, 8.854409128427505, 8.230718791484833, 8.020339027047157, 7.944589704275131, 7.949606537818909, 7.45521354675293, 8.32768377661705, 7.680658966302872, 7.867790907621384, 7.4241268038749695, 7.857710301876068, 7.643572509288788, 8.355141371488571, 7.936907321214676, 7.715404599905014, 8.131172955036163, 7.828618198633194, 8.067905217409134, 8.140570163726807, 7.830283015966415, 8.15119543671608, 8.33782708644867, 7.901481539011002, 8.310497373342514, 7.9691184759140015, 7.95552983880043]

