batch_size:128,epoch:100,openness:0.1, unseen_num:2,block:6,lambda1:1,lambda2:0.001
 dataset:esp_game,softmax_acc:55.48,softmax_ccrs:[0.92, 9.36, 12.44, 34.33, 50.52, 80.14]
loss:[10.992425322532654, 5.093073904514313, 3.017747849225998, 1.998345047235489, 1.391948714852333, 1.1175388544797897, 0.9163610562682152, 0.8082839548587799, 0.7352899238467216, 0.6667215377092361, 0.6906865835189819, 0.6313457563519478, 0.5582772269845009, 0.5945235788822174, 0.5776186436414719, 0.5962176695466042, 0.5677749887108803, 0.5400200337171555, 0.5201045051217079, 0.5010094717144966, 0.4541182965040207, 0.49098172038793564, 0.4430403746664524, 0.5064515396952629, 0.4520154036581516, 0.4330359175801277, 0.4852474480867386, 0.428328275680542, 0.4244223050773144, 0.4288628287613392, 0.37210361286997795, 0.35182439163327217, 0.38268253579735756, 0.34682171419262886, 0.36112265288829803, 0.3540286421775818, 0.34101660177111626, 0.3744787462055683, 0.3708735220134258, 0.3406917527318001, 0.35062532126903534, 0.3664780855178833, 0.3656569868326187, 0.35169126093387604, 0.33670808374881744, 0.35671017691493034, 0.327359389513731, 0.3174978233873844, 0.3274317868053913, 0.31003259867429733, 0.35293812304735184, 0.31847622245550156, 0.33444903045892715, 0.32270288467407227, 0.3149688020348549, 0.3079020343720913, 0.34353164955973625, 0.3210284896194935, 0.3210700750350952, 0.3360796794295311, 0.321050725877285, 0.3207634761929512, 0.3316287659108639, 0.3050934262573719, 0.3311906196177006, 0.31191277131438255, 0.33807702735066414, 0.29548152163624763, 0.33916284143924713, 0.3131657764315605, 0.33675164356827736, 0.3070603273808956, 0.31570766121149063, 0.2996089458465576, 0.32329588755965233, 0.32046080008149147, 0.30856113508343697, 0.33621105551719666, 0.32631154730916023, 0.32793063297867775, 0.3680439069867134, 0.32650673761963844, 0.29850436747074127, 0.3123577870428562, 0.32374563813209534, 0.3467150554060936, 0.2892595697194338, 0.32274055667221546, 0.34848660230636597, 0.30066462978720665, 0.30801602080464363, 0.31953343376517296, 0.3315323479473591, 0.31734754517674446, 0.30241238325834274, 0.2881355695426464, 0.34875550866127014, 0.30671415477991104, 0.3427579030394554, 0.36322497576475143]

batch_size:128,epoch:100,openness:0.1, unseen_num:21,block:2,lambda1:0.1,lambda2:0.1
 dataset:MITIndoor,softmax_acc:43.53,softmax_ccrs:[4.3, 7.04, 13.07, 23.9, 31.28, 54.74]
loss:[2.8112513422966003, 2.7836334705352783, 2.227783679962158, 1.8842129707336426, 1.7743592262268066, 1.7211759686470032, 1.6803237199783325, 1.712244987487793, 1.6231338381767273, 1.6125789284706116, 1.5814711451530457, 1.5296972692012787, 1.6448746919631958, 1.5582704544067383, 1.5908384323120117, 1.5227298140525818, 1.5139720439910889, 1.6153162121772766, 1.6142966747283936, 1.4938415884971619, 1.5680392384529114, 1.5590749979019165, 1.503095269203186, 1.4490509629249573, 1.4491336047649384, 1.4451294243335724, 1.4202766716480255, 1.3982757329940796, 1.3901531994342804, 1.3970466256141663, 1.3940488696098328, 1.4340935349464417, 1.417452096939087, 1.4221431910991669, 1.4220187067985535, 1.4144735038280487, 1.4813096523284912, 1.4945237338542938, 1.4823356568813324, 1.464657336473465, 1.484364092350006, 1.3950387239456177, 1.5088267922401428, 1.4989827871322632, 1.4887179732322693, 1.4402679204940796, 1.4611335098743439, 1.4091522097587585, 1.448585569858551, 1.4438536167144775, 1.4417488873004913, 1.5059512257575989, 1.4536808133125305, 1.457410603761673, 1.433512657880783, 1.5436275601387024, 1.4893348515033722, 1.4583140909671783, 1.4386548399925232, 1.3839851915836334, 1.4397917985916138, 1.4819135963916779, 1.4275732040405273, 1.437884509563446, 1.392701804637909, 1.54634028673172, 1.3930469453334808, 1.4332395493984222, 1.4579311907291412, 1.3864409029483795, 1.540032982826233, 1.3658656179904938, 1.3991385102272034, 1.3888044953346252, 1.4319533705711365, 1.4688745141029358, 1.5159954130649567, 1.4623193740844727, 1.3871978223323822, 1.425419270992279, 1.4235648214817047, 1.45541250705719, 1.4743411839008331, 1.4815392792224884, 1.4590365290641785, 1.458407700061798, 1.4809096157550812, 1.4593324661254883, 1.455290526151657, 1.4355399012565613, 1.4236890077590942, 1.4540586173534393, 1.4287579655647278, 1.385548323392868, 1.4278924763202667, 1.5020326375961304, 1.4400987029075623, 1.4338793754577637, 1.363941103219986, 1.4642813801765442]

batch_size:128,epoch:100,openness:0.1, unseen_num:10,block:4,lambda1:1,lambda2:0.1
 dataset:NUSWIDEOBJ,softmax_acc:24.93,softmax_ccrs:[1.82, 4.27, 6.39, 13.58, 18.34, 34.98]
loss:[39.30142426490784, 30.403071880340576, 28.755194544792175, 28.33265721797943, 28.0936416387558, 27.757951021194458, 27.887338757514954, 27.929306268692017, 27.616360545158386, 26.959799885749817, 27.233595728874207, 27.08484387397766, 26.45266282558441, 26.454573035240173, 25.84635615348816, 26.425585865974426, 25.65584099292755, 25.65704905986786, 24.96551287174225, 24.922243237495422, 25.110041856765747, 25.165343761444092, 24.84685981273651, 23.164435386657715, 21.098636746406555, 20.02131152153015, 20.044176936149597, 18.938548922538757, 18.856759071350098, 18.497892022132874, 18.005598425865173, 17.75712537765503, 17.149537205696106, 17.003999948501587, 16.7176353931427, 16.646279633045197, 15.938538312911987, 15.516720592975616, 15.104200422763824, 15.188197672367096, 14.373332858085632, 14.634390115737915, 14.929143249988556, 14.421936213970184, 14.299610257148743, 14.001160621643066, 13.26153552532196, 12.87589180469513, 12.617568373680115, 12.588731408119202, 12.724773585796356, 12.439669251441956, 12.051557719707489, 12.403426706790924, 12.49308705329895, 12.756636679172516, 12.344799101352692, 11.951640605926514, 12.47645777463913, 12.021662652492523, 11.864517509937286, 11.866703629493713, 12.025968432426453, 11.48486042022705, 11.680937826633453, 11.845690727233887, 11.786914706230164, 11.934366047382355, 11.969919085502625, 11.576278924942017, 11.775880813598633, 11.764425277709961, 11.984623610973358, 11.53824096918106, 12.095291793346405, 12.059026718139648, 11.778939664363861, 11.845030903816223, 11.443398654460907, 11.470553517341614, 11.482041597366333, 11.91867059469223, 11.463261485099792, 11.614565551280975, 11.786305904388428, 11.53992348909378, 11.382229447364807, 11.613697230815887, 11.619246184825897, 11.347270131111145, 11.642253577709198, 11.403651118278503, 11.668983578681946, 11.931655764579773, 11.794885516166687, 12.024999618530273, 11.268176913261414, 12.043122231960297, 11.446803331375122, 11.697736501693726]

batch_size:128,epoch:100,openness:0.1, unseen_num:3,block:1,lambda1:0.1,lambda2:0.01
 dataset:UCI,softmax_acc:64.91,softmax_ccrs:[None, 63.3, 75.18, 81.79, 86.88, 94.82]
loss:[0.3882763460278511, 0.16605490446090698, 0.12604881450533867, 0.10310129821300507, 0.12379637360572815, 0.0949796810746193, 0.10217231884598732, 0.10187117755413055, 0.08980647101998329, 0.08306825160980225, 0.10293534770607948, 0.09204225242137909, 0.09566403180360794, 0.10005786642432213, 0.10117825120687485, 0.11048451066017151, 0.10021693632006645, 0.1246018260717392, 0.11707247048616409, 0.10992362722754478, 0.1271454505622387, 0.1271677389740944, 0.11361050978302956, 0.10735531896352768, 0.0980212576687336, 0.11828996613621712, 0.130969800055027, 0.11854765564203262, 0.10398129373788834, 0.09569146856665611, 0.13007333129644394, 0.12009736150503159, 0.1172194629907608, 0.10774651542305946, 0.11676251515746117, 0.11407490447163582, 0.10209740325808525, 0.10511492937803268, 0.10123715549707413, 0.10383068770170212, 0.11366581916809082, 0.1039305292069912, 0.10107094049453735, 0.10410906374454498, 0.09493354707956314, 0.11485129967331886, 0.10830100253224373, 0.11911148577928543, 0.10490792989730835, 0.10905788838863373, 0.1024630069732666, 0.11315245181322098, 0.10611901059746742, 0.10824287310242653, 0.11694438010454178, 0.11476080119609833, 0.10609104111790657, 0.11178939417004585, 0.10132832825183868, 0.11932247132062912, 0.12024014070630074, 0.10113875567913055, 0.1046379879117012, 0.1204463355243206, 0.11749328672885895, 0.11247685179114342, 0.11930098757147789, 0.12103524804115295, 0.09903306886553764, 0.10824146494269371, 0.1172335296869278, 0.09741836413741112, 0.10985185950994492, 0.11084306240081787, 0.10680308565497398, 0.11673331260681152, 0.11716874316334724, 0.12148796766996384, 0.11216045543551445, 0.11034791171550751, 0.10881064087152481, 0.10765517875552177, 0.10904686525464058, 0.11538779363036156, 0.10427618771791458, 0.11999939009547234, 0.11870882287621498, 0.11819484829902649, 0.10368669033050537, 0.10190346091985703, 0.10615875571966171, 0.12420270964503288, 0.10850793495774269, 0.10824069008231163, 0.10257870331406593, 0.10985787957906723, 0.11037611216306686, 0.11503517627716064, 0.12375794351100922, 0.10365564003586769]

batch_size:128,epoch:100,openness:0.1, unseen_num:3,block:2,lambda1:0.1,lambda2:0.1
 dataset:Youtube,softmax_acc:47.67,softmax_ccrs:[None, 4.91, 8.04, 24.38, 34.11, 61.96]
loss:[0.825080931186676, 0.7698196172714233, 0.7287172079086304, 0.709395170211792, 0.7423504292964935, 0.5872124433517456, 0.6235119998455048, 0.597263753414154, 0.6025066673755646, 0.5728356242179871, 0.6188857853412628, 0.5723753273487091, 0.5854976773262024, 0.5948132574558258, 0.5747057795524597, 0.596882164478302, 0.5710413157939911, 0.5935894548892975, 0.5995075404644012, 0.5988388359546661, 0.5594540238380432, 0.607576847076416, 0.6135016679763794, 0.5559574961662292, 0.5584661960601807, 0.6184751093387604, 0.6042760014533997, 0.5952829420566559, 0.5869665741920471, 0.5588662922382355, 0.5897180736064911, 0.5859273970127106, 0.5825105011463165, 0.5633934736251831, 0.568706750869751, 0.5670293867588043, 0.5539114475250244, 0.5642830431461334, 0.5752916038036346, 0.536405622959137, 0.5713925957679749, 0.5526467263698578, 0.5434584319591522, 0.5678358674049377, 0.5431778728961945, 0.5557625591754913, 0.542573094367981, 0.583832859992981, 0.5662657618522644, 0.5454851686954498, 0.5695476830005646, 0.5663321018218994, 0.5607502162456512, 0.553911030292511, 0.5729683339595795, 0.5910959541797638, 0.5817999839782715, 0.5944629907608032, 0.5515046715736389, 0.5774007439613342, 0.6060135960578918, 0.5401799082756042, 0.5598267614841461, 0.605556309223175, 0.5705382227897644, 0.5784666836261749, 0.5708333551883698, 0.5987640023231506, 0.5418329834938049, 0.5451819002628326, 0.5953796207904816, 0.548850029706955, 0.5661820769309998, 0.570265531539917, 0.5684618651866913, 0.5616975128650665, 0.5801537930965424, 0.5859283208847046, 0.5700269341468811, 0.547893762588501, 0.5790501832962036, 0.5728871524333954, 0.5706083178520203, 0.5971391797065735, 0.5705775022506714, 0.5762019455432892, 0.5749532580375671, 0.5741600692272186, 0.5469782948493958, 0.5497095584869385, 0.55249884724617, 0.5969222784042358, 0.5742330253124237, 0.568675696849823, 0.5697722136974335, 0.574824333190918, 0.5552118420600891, 0.5759308338165283, 0.5988425612449646, 0.5473533868789673]

batch_size:128,epoch:100,openness:0.1, unseen_num:3,block:1,lambda1:1,lambda2:0.1
 dataset:YTF10,softmax_acc:55.3,softmax_ccrs:[66.63, 66.82, 66.93, 67.77, 68.79, 70.85]
loss:[19.16380962729454, 10.86577221751213, 9.001549661159515, 7.921723246574402, 9.000956863164902, 9.403432607650757, 9.666770070791245, 9.16312661767006, 8.867113918066025, 8.528378188610077, 9.155853182077408, 8.542276471853256, 8.487538695335388, 8.69158011674881, 8.15302449464798, 7.875865578651428, 8.524567425251007, 8.576347202062607, 8.885081171989441, 9.172722548246384, 8.566339313983917, 8.639045476913452, 7.891630232334137, 7.875013023614883, 7.721767455339432, 7.583217680454254, 8.128379315137863, 8.248901754617691, 7.922038704156876, 8.337149113416672, 8.061232209205627, 8.237922877073288, 7.556169033050537, 8.225867062807083, 8.03781133890152, 7.8632835149765015, 7.381121397018433, 8.032085508108139, 8.062447428703308, 7.968342274427414, 7.944030314683914, 8.409232288599014, 8.068501055240631, 8.397094413638115, 8.15785139799118, 8.013688698410988, 8.410106346011162, 8.720248281955719, 7.7436682134866714, 8.00583103299141, 7.585300877690315, 7.8213096261024475, 7.431297481060028, 7.731745898723602, 7.638794437050819, 7.646511539816856, 7.9717318415641785, 8.068154513835907, 7.9057217091321945, 8.697482526302338, 7.780004799365997, 7.680230021476746, 8.207988440990448, 8.330024272203445, 8.199038043618202, 7.840550109744072, 8.511618196964264, 7.82822772860527, 7.28591488301754, 8.413793355226517, 8.191537946462631, 7.314313814043999, 8.758880287408829, 8.409654468297958, 8.814171969890594, 8.16725143790245, 7.957927510142326, 7.918624222278595, 7.902815714478493, 7.381791889667511, 8.26030920445919, 7.626465439796448, 7.828325763344765, 7.372637778520584, 7.78881174325943, 7.570284053683281, 8.26555261015892, 7.867737233638763, 7.650970846414566, 8.05177253484726, 7.762199580669403, 7.998192012310028, 8.040555596351624, 7.80190110206604, 8.082821056246758, 8.333417236804962, 7.814703941345215, 8.26514507830143, 7.929078072309494, 7.908519446849823]

