batch_size:128,epoch:100,openness:0.1, unseen_num:2,block:6,lambda1:1,lambda2:0
 dataset:esp_game,softmax_acc:56.65,softmax_ccrs:[0.87, 6.49, 8.18, 31.45, 48.15, 81.67]
loss:[10.981608748435974, 5.082199692726135, 3.0044849812984467, 1.9826182126998901, 1.3746873438358307, 1.0990408062934875, 0.8963971957564354, 0.7868701666593552, 0.7122867628931999, 0.6443541198968887, 0.6658504977822304, 0.6074969917535782, 0.5350437983870506, 0.5704618915915489, 0.554246798157692, 0.5705383494496346, 0.5421651005744934, 0.5145179331302643, 0.49329249933362007, 0.47561828047037125, 0.42781972140073776, 0.46669214218854904, 0.4179193563759327, 0.4712231382727623, 0.42207033932209015, 0.4017551466822624, 0.4548412151634693, 0.3985792472958565, 0.39425187930464745, 0.4019874893128872, 0.34430426731705666, 0.324687410145998, 0.3526000715792179, 0.31881893798708916, 0.3330487161874771, 0.3258468098938465, 0.31318598613142967, 0.34660281240940094, 0.341725192964077, 0.3127889037132263, 0.32234298065304756, 0.33763333037495613, 0.33624204993247986, 0.32208991423249245, 0.3070666678249836, 0.3286126144230366, 0.29942917451262474, 0.2875997982919216, 0.2975618317723274, 0.28283513709902763, 0.3230714797973633, 0.28868336603045464, 0.3051997236907482, 0.2940868176519871, 0.2862569987773895, 0.27890361100435257, 0.3136311322450638, 0.2926710620522499, 0.2927401438355446, 0.30577073246240616, 0.2929474264383316, 0.2930855266749859, 0.3023165501654148, 0.2779578510671854, 0.302513524889946, 0.28218888491392136, 0.309025589376688, 0.2670622318983078, 0.3100396953523159, 0.2861157990992069, 0.307013314217329, 0.27906689792871475, 0.28537384420633316, 0.27075324952602386, 0.29261962324380875, 0.2913568429648876, 0.27967948094010353, 0.3068135976791382, 0.2975426949560642, 0.2989473529160023, 0.33819322288036346, 0.2961440533399582, 0.2703523449599743, 0.283124603331089, 0.2955845445394516, 0.31865430250763893, 0.2612315472215414, 0.29321587085723877, 0.31865835189819336, 0.2721148803830147, 0.27972880750894547, 0.29181408509612083, 0.3020603619515896, 0.2887544333934784, 0.2736276090145111, 0.2611921541392803, 0.3206222765147686, 0.2781408838927746, 0.31258586421608925, 0.3321385234594345]

batch_size:128,epoch:100,openness:0.1, unseen_num:21,block:2,lambda1:0.1,lambda2:0
 dataset:MITIndoor,softmax_acc:40.9,softmax_ccrs:[0.68, 5.28, 10.05, 19.94, 26.07, 48.31]
loss:[1.1444377899169922, 0.06989079061895609, 0.010928158881142735, 0.012156356358900666, 0.06805198965594172, 0.22806528210639954, 0.2203289195895195, 0.0655477698892355, 0.05807044776156545, 0.06589533295482397, 0.08118320442736149, 0.08362853154540062, 0.06183468550443649, 0.07200151216238737, 0.11348115094006062, 0.09544750861823559, 0.10468007624149323, 0.10811557248234749, 0.08752679079771042, 0.06895307265222073, 0.10557560808956623, 0.1038252655416727, 0.11478509567677975, 0.07545885629951954, 0.053744941018521786, 0.040846056304872036, 0.034579094499349594, 0.03810092806816101, 0.03805660642683506, 0.0357983335852623, 0.047627655789256096, 0.049891370348632336, 0.05192531179636717, 0.04907079320400953, 0.05522514507174492, 0.05722275748848915, 0.05917860008776188, 0.05510409362614155, 0.05300700291991234, 0.0500987283885479, 0.05129251256585121, 0.046759151853621006, 0.05521335080265999, 0.05479287728667259, 0.05070359818637371, 0.04748205840587616, 0.05199080519378185, 0.04111641552299261, 0.043398198671638966, 0.050647320225834846, 0.0499468632042408, 0.049378303810954094, 0.05363721214234829, 0.04969320632517338, 0.04858989920467138, 0.05502227135002613, 0.04823043383657932, 0.05518907867372036, 0.0474356422200799, 0.046832937747240067, 0.0461591137573123, 0.05012559238821268, 0.04760242998600006, 0.047397615388035774, 0.05046708229929209, 0.05557678081095219, 0.050209167413413525, 0.04432161711156368, 0.0517180860042572, 0.04806969966739416, 0.05451146699488163, 0.04264921322464943, 0.04678249545395374, 0.05110103730112314, 0.049261840991675854, 0.051115116104483604, 0.05200090818107128, 0.0515770148485899, 0.04459872376173735, 0.05442444980144501, 0.04719817452132702, 0.04897701554000378, 0.05248859152197838, 0.052170862443745136, 0.05032484699040651, 0.051779226399958134, 0.05376710370182991, 0.05170425958931446, 0.056125419214367867, 0.047984023578464985, 0.04545545484870672, 0.056840889155864716, 0.047986325807869434, 0.04937964305281639, 0.04916954133659601, 0.051146429032087326, 0.05340195074677467, 0.053754450753331184, 0.04317927733063698, 0.04731776565313339]

batch_size:128,epoch:100,openness:0.1, unseen_num:10,block:4,lambda1:1,lambda2:0
 dataset:NUSWIDEOBJ,softmax_acc:24.77,softmax_ccrs:[1.75, 4.21, 6.28, 13.49, 18.23, 34.86]
loss:[33.78956580162048, 24.428152799606323, 22.547584772109985, 22.024721026420593, 21.87375783920288, 21.553785800933838, 21.637958765029907, 21.50759267807007, 21.124407172203064, 20.57078766822815, 20.380751729011536, 20.342830419540405, 19.86562728881836, 19.759793996810913, 19.246094584465027, 19.581457376480103, 18.90625548362732, 18.98000979423523, 18.145170748233795, 18.24969983100891, 18.01471495628357, 18.366124868392944, 17.699608385562897, 15.877722680568695, 13.78386664390564, 12.918532311916351, 12.670129358768463, 11.839612782001495, 11.567709922790527, 11.250503540039062, 10.793445408344269, 10.46673846244812, 10.001205444335938, 9.751334071159363, 9.740299046039581, 9.343856692314148, 8.826399862766266, 8.33005553483963, 8.008070796728134, 7.726067841053009, 7.316204905509949, 7.437218606472015, 7.204158544540405, 6.918293535709381, 6.84284445643425, 6.516482323408127, 5.908873558044434, 5.512685179710388, 5.30159729719162, 5.343169033527374, 5.244324445724487, 5.185741722583771, 5.029940038919449, 5.092061877250671, 4.966918021440506, 5.360905334353447, 5.002724289894104, 4.82493731379509, 5.130195677280426, 4.745554685592651, 4.691911891102791, 4.82036517560482, 4.721995800733566, 4.440844804048538, 4.532324984669685, 4.474939703941345, 4.408890023827553, 4.586978405714035, 4.55052524805069, 4.392180919647217, 4.418695345520973, 4.500653654336929, 4.54166279733181, 4.428583592176437, 4.573960602283478, 4.537319481372833, 4.437116548418999, 4.562370777130127, 4.247159048914909, 4.355633452534676, 4.369286328554153, 4.437361642718315, 4.423509895801544, 4.4210300743579865, 4.4685162007808685, 4.314048394560814, 4.32641476392746, 4.3562926054000854, 4.2380402982234955, 4.306784301996231, 4.287306725978851, 4.278037816286087, 4.306931346654892, 4.497226074337959, 4.341961830854416, 4.480384483933449, 4.178157925605774, 4.442911818623543, 4.372356787323952, 4.363317117094994]

batch_size:128,epoch:100,openness:0.1, unseen_num:3,block:1,lambda1:0.1,lambda2:0
 dataset:UCI,softmax_acc:64.49,softmax_ccrs:[None, 49.11, 52.32, 72.32, 81.52, 93.57]
loss:[0.3376668095588684, 0.1027342639863491, 0.05048051103949547, 0.031227270141243935, 0.03880260419100523, 0.0245546642690897, 0.01909182220697403, 0.023295546881854534, 0.02092520333826542, 0.015144647099077702, 0.022086454555392265, 0.017500512301921844, 0.02798043005168438, 0.021786047145724297, 0.02457465510815382, 0.02800625842064619, 0.025564398616552353, 0.04675934836268425, 0.03048125561326742, 0.032331633381545544, 0.04598052427172661, 0.03789941594004631, 0.026631105691194534, 0.030354171991348267, 0.02566389087587595, 0.03163048159331083, 0.03990616276860237, 0.03608442470431328, 0.026000801473855972, 0.022969238460063934, 0.04415222071111202, 0.037871227599680424, 0.0374160036444664, 0.02606874890625477, 0.032221428118646145, 0.037653190083801746, 0.02175006177276373, 0.0237550912424922, 0.022258946672081947, 0.02516633179038763, 0.026309977285563946, 0.023552516475319862, 0.023843374103307724, 0.020963676273822784, 0.02014141157269478, 0.03205246012657881, 0.02782080229371786, 0.03401118889451027, 0.02182629331946373, 0.02857148926705122, 0.022144434973597527, 0.03005009051412344, 0.024478633888065815, 0.027784300036728382, 0.02983414102345705, 0.025900949724018574, 0.020399139262735844, 0.020702377893030643, 0.02113787643611431, 0.037581028416752815, 0.03380355425179005, 0.02103842981159687, 0.02374820690602064, 0.025939821265637875, 0.027400827035307884, 0.02544799167662859, 0.03367845248430967, 0.0297513697296381, 0.02034273650497198, 0.026770335622131824, 0.02587916422635317, 0.021642188541591167, 0.02601588796824217, 0.028587020933628082, 0.0215781107544899, 0.02991548925638199, 0.029074679128825665, 0.033514817245304585, 0.02454871218651533, 0.02727258764207363, 0.020655132830142975, 0.021503660827875137, 0.023708978667855263, 0.024044383317232132, 0.01929080532863736, 0.033600859344005585, 0.03257846925407648, 0.02952952589839697, 0.02478894777595997, 0.020229353569447994, 0.027704776264727116, 0.032551453448832035, 0.023649075999855995, 0.025554681196808815, 0.021919182501733303, 0.027536161243915558, 0.025953106582164764, 0.028514336794614792, 0.03229591250419617, 0.02272726409137249]

batch_size:128,epoch:100,openness:0.1, unseen_num:3,block:2,lambda1:0.1,lambda2:0
 dataset:Youtube,softmax_acc:45.49,softmax_ccrs:[None, 3.3, 5.0, 18.93, 30.09, 57.95]
loss:[0.3559616357088089, 0.21665005385875702, 0.13491135463118553, 0.16945203766226768, 0.1410384587943554, 0.05191589891910553, 0.08275637775659561, 0.03751370310783386, 0.07080336660146713, 0.055139631032943726, 0.08820106647908688, 0.06848814338445663, 0.07477724924683571, 0.07099813595414162, 0.06524721160531044, 0.0836779773235321, 0.08390511944890022, 0.11478963121771812, 0.06191742420196533, 0.07392729818820953, 0.065943893045187, 0.06622141785919666, 0.07395505905151367, 0.0635147038847208, 0.058852558955550194, 0.07578877359628677, 0.04670041613280773, 0.07002449966967106, 0.0672971997410059, 0.05816503241658211, 0.06600048020482063, 0.06393610872328281, 0.04979228228330612, 0.05594143457710743, 0.04768943227827549, 0.04923325404524803, 0.03521327953785658, 0.04659669287502766, 0.06057307310402393, 0.03589794971048832, 0.04827181063592434, 0.05048416927456856, 0.037380531430244446, 0.06573393940925598, 0.04029157944023609, 0.04685760289430618, 0.04616778716444969, 0.05461973696947098, 0.04946041293442249, 0.04902082309126854, 0.042505575343966484, 0.041720783337950706, 0.052315542474389076, 0.04879680648446083, 0.046588797122240067, 0.037606095895171165, 0.0493499580770731, 0.04963867366313934, 0.04405135475099087, 0.05492964945733547, 0.06845725141465664, 0.052310919389128685, 0.06695925071835518, 0.0625216644257307, 0.04447868652641773, 0.05421172082424164, 0.036929136142134666, 0.04180757887661457, 0.04155623912811279, 0.040417762473225594, 0.07034069672226906, 0.05575535446405411, 0.04346259869635105, 0.05650761350989342, 0.06091592647135258, 0.04078839346766472, 0.05255322717130184, 0.05870726332068443, 0.04444773681461811, 0.06064928509294987, 0.04840157926082611, 0.04301213659346104, 0.04752323590219021, 0.043727168813347816, 0.04032978415489197, 0.04739012196660042, 0.04102857783436775, 0.04992544837296009, 0.03999658487737179, 0.049954600632190704, 0.04218393564224243, 0.04688173718750477, 0.04159257374703884, 0.04783013463020325, 0.06010766886174679, 0.06313508562743664, 0.05623026378452778, 0.05065988563001156, 0.04782305844128132, 0.04432748444378376]

batch_size:128,epoch:100,openness:0.1, unseen_num:3,block:1,lambda1:1,lambda2:0
 dataset:YTF10,softmax_acc:56.08,softmax_ccrs:[66.08, 66.24, 66.3, 66.44, 66.56, 70.26]
loss:[2.7154206818427724, 0.0031541917085178284, 0.07354902013321407, 0.3911717557348311, 1.0750269927084446, 1.7665236555039883, 1.9939944855868816, 1.7206542491912842, 1.6849144510924816, 1.6510473489761353, 1.6097103171050549, 1.5010144859552383, 1.5195703729987144, 1.4126238413155079, 1.4256800450384617, 1.3287908807396889, 1.4163012765347958, 1.3856936544179916, 1.3308358527719975, 1.4142344519495964, 1.3392512053251266, 1.398416817188263, 1.2007261402904987, 1.4673514068126678, 1.329747635871172, 1.2225669100880623, 1.359901323914528, 1.3317221961915493, 1.2664750814437866, 1.3464951068162918, 1.2565964795649052, 1.2988003827631474, 1.1850826404988766, 1.3821646943688393, 1.2855381593108177, 1.2520720399916172, 1.2192774526774883, 1.3000134490430355, 1.2941684685647488, 1.2598948292434216, 1.3073212280869484, 1.351229265332222, 1.25742694362998, 1.3592243753373623, 1.2834511920809746, 1.2458303086459637, 1.3192352689802647, 1.3863842189311981, 1.1797333434224129, 1.236439075320959, 1.17582318931818, 1.2398436293005943, 1.1675207875669003, 1.2151623517274857, 1.2156720608472824, 1.2077779099345207, 1.2742594070732594, 1.3073732368648052, 1.2688120603561401, 1.4372830353677273, 1.2392214871942997, 1.2153653986752033, 1.3204876892268658, 1.3472553081810474, 1.3154453076422215, 1.2418152168393135, 1.3760198764503002, 1.2319755218923092, 1.1500345692038536, 1.3646851480007172, 1.3228799887001514, 1.144996039569378, 1.4216853901743889, 1.3622767142951488, 1.4469632916152477, 1.3139589875936508, 1.2691166810691357, 1.2781466990709305, 1.2573550380766392, 1.177992396056652, 1.324173666536808, 1.2145558223128319, 1.2541556917130947, 1.1683515682816505, 1.2337075136601925, 1.207528967410326, 1.3307014144957066, 1.2492148838937283, 1.2212776988744736, 1.297374214977026, 1.2304339297115803, 1.2861667051911354, 1.2962167114019394, 1.2528961189091206, 1.3032781034708023, 1.3626535944640636, 1.234683245420456, 1.3254856690764427, 1.2809818349778652, 1.2595117092132568]

