batch_size:128,epoch:100,openness:0.1, unseen_num:2,block:6,lambda1:1,lambda2:0.001
 dataset:esp_game,softmax_acc:55.85,softmax_ccrs:[1.63, 3.35, 6.21, 27.34, 43.28, 78.64]
loss:[10.49475634098053, 4.670042872428894, 2.740471690893173, 1.9032461792230606, 1.370210275053978, 1.1221237629652023, 0.9569046199321747, 0.8388317599892616, 0.8133342787623405, 0.7491935938596725, 0.7354280278086662, 0.714402511715889, 0.5998714417219162, 0.6323452815413475, 0.6149498224258423, 0.6076117306947708, 0.6089393123984337, 0.6224705055356026, 0.5945576503872871, 0.5770099014043808, 0.5534600391983986, 0.5999583378434181, 0.5558300986886024, 0.48489106446504593, 0.47165511548519135, 0.48530635982751846, 0.45824677497148514, 0.4654482826590538, 0.49844932556152344, 0.42081790044903755, 0.44129451364278793, 0.40931811183691025, 0.4446547031402588, 0.40608450770378113, 0.43248099088668823, 0.46217288449406624, 0.43967846781015396, 0.43838977813720703, 0.43530774116516113, 0.44629019871354103, 0.42277056723833084, 0.42024337872862816, 0.43498699367046356, 0.45219387486577034, 0.4135160595178604, 0.4065955653786659, 0.40287910774350166, 0.404185526072979, 0.43002963811159134, 0.3762313202023506, 0.40932275354862213, 0.4176539294421673, 0.3996347188949585, 0.4036194048821926, 0.42855435237288475, 0.3860258460044861, 0.41723956912755966, 0.4085405506193638, 0.41821519285440445, 0.4223136752843857, 0.3814649060368538, 0.3744945749640465, 0.4075971245765686, 0.36328475922346115, 0.4128117114305496, 0.40924523398280144, 0.38652362301945686, 0.3935737609863281, 0.4086991511285305, 0.367516178637743, 0.3999266251921654, 0.400936771184206, 0.4146246053278446, 0.3791288286447525, 0.3966026045382023, 0.3774030804634094, 0.3939407207071781, 0.4253406263887882, 0.3951060026884079, 0.424068920314312, 0.4159199185669422, 0.44264276698231697, 0.40416257083415985, 0.42087555304169655, 0.384015042334795, 0.394196268171072, 0.38696588575839996, 0.423908494412899, 0.4156436398625374, 0.37999214604496956, 0.37593865394592285, 0.3926639147102833, 0.41902391612529755, 0.38272061944007874, 0.4278157018125057, 0.35701340064406395, 0.3961772061884403, 0.3802702762186527, 0.39668702334165573, 0.417722437530756]

batch_size:128,epoch:100,openness:0.1, unseen_num:21,block:2,lambda1:0.1,lambda2:0.1
 dataset:MITIndoor,softmax_acc:41.98,softmax_ccrs:[2.27, 6.57, 11.34, 21.33, 28.57, 52.13]
loss:[2.742530047893524, 3.423843026161194, 2.327877163887024, 1.9850566983222961, 1.974618136882782, 1.7320169806480408, 1.6117241382598877, 1.7318898439407349, 1.6353323459625244, 1.6414044499397278, 1.6111177206039429, 1.5223006010055542, 1.6399999260902405, 1.5219020545482635, 1.5860544443130493, 1.5355313122272491, 1.5312038958072662, 1.6082303524017334, 1.5830708146095276, 1.5227263271808624, 1.565550982952118, 1.5228581726551056, 1.5118575990200043, 1.4799564480781555, 1.474696397781372, 1.4788734912872314, 1.4693968296051025, 1.4582213163375854, 1.452170044183731, 1.458145797252655, 1.4627611339092255, 1.4912818372249603, 1.4831336438655853, 1.4825641810894012, 1.488480657339096, 1.4793744385242462, 1.5329782664775848, 1.5423062443733215, 1.5332756638526917, 1.5233849883079529, 1.5419505834579468, 1.4827415943145752, 1.561923861503601, 1.5556874573230743, 1.5474731922149658, 1.5106777548789978, 1.5252097249031067, 1.4854992926120758, 1.5146585702896118, 1.515369474887848, 1.5140699744224548, 1.5594268441200256, 1.5257015228271484, 1.5263473987579346, 1.5073657035827637, 1.5870975255966187, 1.5489436089992523, 1.5320653319358826, 1.512839913368225, 1.4736564457416534, 1.513242483139038, 1.5435971021652222, 1.5046350359916687, 1.5131630897521973, 1.4841194152832031, 1.5906152725219727, 1.4821715950965881, 1.5094393491744995, 1.527124047279358, 1.4799656569957733, 1.584397315979004, 1.4644337892532349, 1.4857691526412964, 1.4825591444969177, 1.512221246957779, 1.5361672937870026, 1.5660238862037659, 1.5311766862869263, 1.4765512645244598, 1.5070620775222778, 1.503262847661972, 1.5237891376018524, 1.5374946594238281, 1.542960375547409, 1.5315276682376862, 1.530707836151123, 1.5445421934127808, 1.5282759368419647, 1.5295588672161102, 1.5150029063224792, 1.5039348006248474, 1.5285697281360626, 1.5096115469932556, 1.4784112572669983, 1.5064861178398132, 1.5567132234573364, 1.5177146196365356, 1.512385219335556, 1.4584797620773315, 1.53035369515419]

batch_size:128,epoch:100,openness:0.1, unseen_num:10,block:4,lambda1:1,lambda2:0.1
 dataset:NUSWIDEOBJ,softmax_acc:25.08,softmax_ccrs:[1.88, 3.47, 5.14, 11.84, 16.45, 33.21]
loss:[38.73500180244446, 30.43059515953064, 28.843745708465576, 28.30726706981659, 28.513410687446594, 28.629504203796387, 29.253753066062927, 29.471535563468933, 29.935430765151978, 29.571513533592224, 29.370362520217896, 29.684690356254578, 29.513558506965637, 29.540154576301575, 29.26450228691101, 29.425437688827515, 29.246514081954956, 29.187196254730225, 29.12048649787903, 28.794398307800293, 28.617021322250366, 28.467363834381104, 28.557048201560974, 27.49009656906128, 26.613313913345337, 26.065056920051575, 26.041868567466736, 25.321651101112366, 25.542009949684143, 25.14731729030609, 24.586370944976807, 24.63753855228424, 24.36149787902832, 23.826281189918518, 23.52320384979248, 23.32237946987152, 22.977988243103027, 22.83102250099182, 22.332189202308655, 22.754724621772766, 21.77297866344452, 21.624207377433777, 21.90453064441681, 21.421526789665222, 21.168375968933105, 21.042338013648987, 20.195218801498413, 20.02756106853485, 19.825578570365906, 19.74700379371643, 19.81839954853058, 19.483615040779114, 19.240629196166992, 19.592219591140747, 19.639140486717224, 19.376983404159546, 19.318886637687683, 19.30886745452881, 19.26710057258606, 19.026992201805115, 19.06155002117157, 18.77891755104065, 19.160199522972107, 18.827194690704346, 18.758564352989197, 18.938026547431946, 19.164883852005005, 19.069944620132446, 18.91972267627716, 18.67671251296997, 18.798768281936646, 18.877376317977905, 19.03212559223175, 18.526542901992798, 19.227473855018616, 18.935969352722168, 18.83307111263275, 19.020854949951172, 18.449973344802856, 18.469687819480896, 18.700422048568726, 19.063332080841064, 18.41756510734558, 18.894787669181824, 18.792971968650818, 18.659307718276978, 18.644105315208435, 18.743460059165955, 18.632272958755493, 18.48649227619171, 18.66954243183136, 18.514095544815063, 18.64125418663025, 19.084901094436646, 18.956997394561768, 19.071414470672607, 18.483858227729797, 19.10199522972107, 18.532390832901, 18.755298495292664]

batch_size:128,epoch:100,openness:0.1, unseen_num:3,block:1,lambda1:0.1,lambda2:0.01
 dataset:UCI,softmax_acc:65.09,softmax_ccrs:[None, 54.91, 76.79, 85.18, 88.39, 94.73]
loss:[0.4089929759502411, 0.1522328108549118, 0.12203037738800049, 0.10135496780276299, 0.11289171501994133, 0.08924129232764244, 0.10703782737255096, 0.09865190461277962, 0.09020945057272911, 0.09208198264241219, 0.11651699244976044, 0.09413259103894234, 0.0932990238070488, 0.1017090454697609, 0.10356331616640091, 0.11376136913895607, 0.10136144980788231, 0.11761592328548431, 0.12363410741090775, 0.11263055726885796, 0.10716529190540314, 0.12503205239772797, 0.11622007191181183, 0.10676047950983047, 0.10398553311824799, 0.12788578122854233, 0.1222747191786766, 0.11496666446328163, 0.11521520093083382, 0.10032584890723228, 0.11334331333637238, 0.11644293367862701, 0.1094270721077919, 0.11332816630601883, 0.1035032719373703, 0.11209277808666229, 0.10358814150094986, 0.0939101055264473, 0.11148452758789062, 0.09853490069508553, 0.11872036755084991, 0.10868864879012108, 0.11844361200928688, 0.114277683198452, 0.09319731593132019, 0.11879293993115425, 0.1070990078151226, 0.12527846544981003, 0.11161316186189651, 0.11809221655130386, 0.11375124379992485, 0.10554159805178642, 0.11122140660881996, 0.10397394001483917, 0.11457587033510208, 0.11388054490089417, 0.1053941510617733, 0.11495703086256981, 0.10356095433235168, 0.11290203407406807, 0.11707105115056038, 0.11275238543748856, 0.11171731352806091, 0.12332364171743393, 0.11833247169852257, 0.11283864453434944, 0.1117929220199585, 0.1171264573931694, 0.10468806326389313, 0.11039193719625473, 0.10865137726068497, 0.10801393538713455, 0.11232854425907135, 0.1199757568538189, 0.12054814398288727, 0.12234239280223846, 0.11607306450605392, 0.11073576658964157, 0.11769282817840576, 0.11395186185836792, 0.11353586241602898, 0.11237676441669464, 0.10567161813378334, 0.1213926263153553, 0.1097438745200634, 0.1128736101090908, 0.11891450732946396, 0.11351168155670166, 0.0982048362493515, 0.104273971170187, 0.10524875670671463, 0.12256632000207901, 0.11116016656160355, 0.10702357441186905, 0.1025812178850174, 0.1143651008605957, 0.11333253234624863, 0.10502610355615616, 0.1204591803252697, 0.11079137772321701]

batch_size:128,epoch:100,openness:0.1, unseen_num:3,block:2,lambda1:0.1,lambda2:0.1
 dataset:Youtube,softmax_acc:45.31,softmax_ccrs:[None, 0.8, 3.75, 17.68, 25.89, 59.91]
loss:[0.8329288363456726, 0.8305324912071228, 0.7265190184116364, 0.6256579458713531, 0.6955584585666656, 0.6359346210956573, 0.6662256121635437, 0.6409613490104675, 0.5663644075393677, 0.5944027006626129, 0.6181027591228485, 0.6215024590492249, 0.582680881023407, 0.6008159518241882, 0.5887681841850281, 0.6065372228622437, 0.5876222252845764, 0.5841430723667145, 0.6336720883846283, 0.6017018556594849, 0.571826696395874, 0.5989791452884674, 0.6267356872558594, 0.5575196146965027, 0.5723499655723572, 0.6488158702850342, 0.6319296061992645, 0.5931958258152008, 0.5795281827449799, 0.5528914332389832, 0.5994486510753632, 0.588710218667984, 0.5894708633422852, 0.5588164925575256, 0.5826705396175385, 0.5665560662746429, 0.5659318566322327, 0.5662360489368439, 0.5670318901538849, 0.5549542605876923, 0.5740684866905212, 0.5622983276844025, 0.5491668879985809, 0.5833715796470642, 0.5508330762386322, 0.5604398250579834, 0.5615418255329132, 0.5910419523715973, 0.5734959542751312, 0.5534254908561707, 0.5857725739479065, 0.5679035484790802, 0.545913577079773, 0.5625913441181183, 0.5753269195556641, 0.5921479165554047, 0.5847609639167786, 0.5984610617160797, 0.5523892641067505, 0.5800775587558746, 0.5961019694805145, 0.551250547170639, 0.5514727234840393, 0.6121304631233215, 0.5848768353462219, 0.574497789144516, 0.5724256336688995, 0.605980396270752, 0.5623279213905334, 0.5609213411808014, 0.5833871364593506, 0.5628585517406464, 0.5832791030406952, 0.5654453635215759, 0.5877693593502045, 0.5800307095050812, 0.5782240927219391, 0.584971696138382, 0.5858476758003235, 0.5631433725357056, 0.5824022591114044, 0.579583466053009, 0.573755294084549, 0.6063971221446991, 0.5864235162734985, 0.5960531830787659, 0.5937969088554382, 0.579647421836853, 0.5615691244602203, 0.5570028424263, 0.5562385022640228, 0.5965536534786224, 0.5883844494819641, 0.5685860514640808, 0.5515148341655731, 0.5689672231674194, 0.5692983865737915, 0.5766280293464661, 0.5998884439468384, 0.54765585064888]

batch_size:128,epoch:100,openness:0.1, unseen_num:3,block:1,lambda1:1,lambda2:0.1
 dataset:YTF10,softmax_acc:55.48,softmax_ccrs:[66.11, 66.31, 66.34, 66.48, 66.63, 70.46]
loss:[21.40028941631317, 12.26631784439087, 9.06537526845932, 7.914844632148743, 8.979799211025238, 9.413143306970596, 9.732116758823395, 9.457844644784927, 9.144553661346436, 9.048615664243698, 9.616188108921051, 9.03497526049614, 8.98392003774643, 9.154994755983353, 8.746723622083664, 8.562342882156372, 9.120655566453934, 9.08350819349289, 9.231260895729065, 9.565443009138107, 9.186456859111786, 9.02596789598465, 8.363486528396606, 8.349632501602173, 8.29829329252243, 8.166453838348389, 8.682971388101578, 8.812885284423828, 8.493596583604813, 8.910818696022034, 8.655207395553589, 8.847379595041275, 8.220009624958038, 8.786859601736069, 8.598212897777557, 8.424357235431671, 8.059738099575043, 8.638294517993927, 8.648938655853271, 8.649686247110367, 8.563446402549744, 8.95618924498558, 8.708592563867569, 8.972125679254532, 8.760397881269455, 8.614706933498383, 8.980316400527954, 9.248595088720322, 8.3838529586792, 8.651529878377914, 8.26663789153099, 8.474487662315369, 8.115040361881256, 8.41256457567215, 8.294495731592178, 8.367183089256287, 8.639366507530212, 8.67339625954628, 8.547055810689926, 9.228961735963821, 8.44610196352005, 8.335857301950455, 8.847318202257156, 8.904371201992035, 8.794952422380447, 8.487509846687317, 9.078542858362198, 8.500716179609299, 7.985980987548828, 9.019254744052887, 8.81392589211464, 8.000166773796082, 9.297800242900848, 8.996169865131378, 9.3503258228302, 8.799856662750244, 8.622854202985764, 8.537095427513123, 8.550840497016907, 8.086237102746964, 8.9019056558609, 8.302209854125977, 8.449419528245926, 8.061807453632355, 8.438393473625183, 8.237096548080444, 8.902139991521835, 8.524473637342453, 8.360050052404404, 8.71373525261879, 8.461611032485962, 8.641598522663116, 8.722419887781143, 8.448452353477478, 8.734274208545685, 8.89010414481163, 8.496371537446976, 8.890581130981445, 8.535595208406448, 8.547917693853378]

